G = -0.6037735849056604-0.16
F = 0.6569865987187891-0.9893582466233818
Y = 1.9837638597220209-1.515922951393594